0.000830409408081
1
0.00100009841844
2
0.00106731674168
3
0.00106193393003
4
0.00110796454828
4
0.00101137300953
5
0.000864289351739
8
0.000928702822421
8
0.00107514380943
9
0.00112611846998
9
0.000926225271542
11
0.00108043546788
11
0.000998171977699
11
0.000952671631239
11
0.000924699590541
15
0.00108118227217
15
0.000941711652558
19
0.000954670482315
22
0.00095118052559
22
0.00100306677632
22
0.000680120894685
22
0.000989865511656
25
0.00128419371322
27
0.000929311790969
29
0.000997734256089
29
0.00104476138949
31
0.000977970659733
31
0.00102528254502
31
0.000995146925561
31
0.0010817842558
31
0.000886974448804
32
0.00110623252112
32
0.00107219570782
34
0.000865131849423
34
0.00104497838765
35
0.00105375319254
42
0.000925957399886
42
0.000843517773319
44
0.000903457694221
45
0.000983074540272
45
0.000826434639748
46
0.00091532280203
51
0.00108932692092
53
0.000953562383074
53
0.00104781636037
55
0.00106228725053
55
0.00100495794322
56
0.000936546130106
56
0.00091094430536
58
0.000967451138422
59
0.000950732035562
59
0.00102841644548
60
0.000873089476954
60
0.00107566372026
62
0.000841230503283
62
0.00110861717258
62
0.00102934718598
62
0.000817565538455
62
0.0011240018066
62
0.00108862412162
63
0.00103788916022
63
0.000889997521881
64
0.00136328383815
67
0.00109678693116
67
0.00101327255834
69
0.000862526358105
70
0.000794225546997
70
0.00112390657887
71
0.00095500954194
77
0.00102540350053
77
0.00116917968262
80
0.00102905882522
80
0.000897533318494
81
0.000958760210779
83
0.00092606653925
84
0.000951711088419
86
0.000876659469213
86
0.00108803913463
86
0.000902789179236
89
0.000965880986769
90
0.00112810940482
90
0.00108974904288
91
0.00091318693012
91
0.00101820076816
91
0.00102011603303
91
0.000838955573272
91
0.00109307479579
92
0.00094120571157
97
0.000983126577921
98
0.00105033640284
98
0.00105142011307
98
0.00128512142692
99
0.00101251178421
99
0.000948983069975
102
0.000891717791092
103
0.000953951966949
103
0.000928034889512
103
0.00103562138975
103
0.00108472828288
105
0.00111548660789
105
0.000984818791039
106
0.000912298273761
106
0.00109823420644
110
0.00112498062663
110
0.000852107128594
110
0.00107014388777
110
0.00107216124889
114
0.000985756516457
115
0.000915352255106
116
0.00095670868177
116
0.00113028299529
118
0.000908655812964
118
0.00098694965709
119
0.000971808796749
119
0.00105060706846
119
0.00101166556124
119
0.00109166442417
121
0.000866942747962
121
0.0010665920563
121
0.00121180142742
121
0.000979750067927
124
0.00110892590601
124
0.000966275576502
124
0.000997830298729
124
0.00117194000632
124
0.0010876650922
124
0.000985303195193
125
0.00101332692429
127
0.000839422107674
129
0.00116136518773
129
0.00113273982424
129
0.000965517712757
129
0.000974921742454
129
0.000990748987533
130
0.00112714944407
130
0.000841582310386
134
0.00100442767143
136
0.000796904903837
140
0.000854108831845
140
0.000962724909186
140
0.00119877420366
141
0.00113034341484
141
0.00105421873741
141
0.0010127290152
142
0.000950060144532
142
0.00111432175618
143
0.00102224410512
145
0.00091394019546
146
0.000757674803026
150
0.000985587830655
150
0.00115531100892
150
0.0011019933736
150
0.000973565853201
151
0.000906581117306
151
0.00103751057759
154
0.00105059589259
155
0.00102524959948
155
0.000902982836124
155
0.000987203442492
156
0.00112361565698
159
0.0008850270533
159
0.000938100914937
159
0.00102504051756
162
0.00105657125823
163
0.00101546302903
164
0.000837523199152
167
0.000878135149833
167
0.00127598957624
167
0.00119618861936
168
0.000805250834674
168
0.00104744615965
170
0.000816357030999
173
0.000962755875662
175
0.00102466682438
175
0.000925848376937
175
0.00124557409436
175
0.000993076828308
175
0.00102452398278
175
0.00110105716158
177
0.000991431181319
177
0.00104060349986
178
0.00087697856361
180
0.00107841019053
182
0.000669634551741
187
0.000880041159689
191
0.000930081645492
193
0.000942664395552
193
0.00101347919554
194
0.000776990666054
194
0.000848972762469
194
0.000953808426857
194
0.00106578797568
196
0.000951629423071
200
0.00110335927457
200
0.00122078403365
201
0.000997894327156
205
0.00111470581032
207
0.000865771726239
207
0.000916118908208
208
0.000953910988756
208
0.00109014799818
208
0.00100887648296
208
0.000868098228239
209
0.000843844260089
212
0.000813212478533
212
0.00103875889909
214
0.000785864540376
214
0.00107838492841
217
0.00114494434092
217
0.0010397642618
219
0.000905118882656
221
0.000975998758804
221
0.00107925885823
222
0.00085736438632
225
0.00108487938996
225
0.000845881353598
226
0.000927546992898
227
0.00106324604712
227
0.000972140987869
228
0.00102510652505
228
0.000896793033462
230
0.00118025916163
230
0.00102473271545
230
0.000710487074684
231
0.000976553827059
232
0.00110837980174
232
0.00103535526432
233
0.00114092486911
234
0.0011870523449
234
0.000838731473777
234
0.00112182111479
234
0.0010167316068
235
0.00112248281948
235
0.00102297740523
236
0.00124255928677
237
0.00107580237091
239
0.00107617245521
241
0.0010826055659
244
0.000988994259387
244
0.00105810759123
245
0.000994631205685
245
0.00100492546335
247
0.000851669698022
247
0.000927367887925
247
0.00101687386632
247
0.00104190432467
248
0.000935253454372
251
0.00119247776456
253
0.00107108289376
253
0.000831275072414
255
0.00088768551359
258
0.00102267088369
258
0.000880183069967
259
0.00103627622593
262
0.000869266164955
262
0.00103325303644
263
0.000964233069681
263
0.00079299043864
265
0.00106217327993
265
0.00100095698144
266
0.000922229140997
266
0.00076892063953
268
0.00117101008072
268
0.00112308515236
268
0.000998374889605
269
0.00111671397462
270
0.00106079562102
270
0.000930301845074
270
0.00114145409316
271
0.00104568828829
272
0.00136392610148
272
0.00100910291076
272
0.00115481216926
272
0.00113023468293
273
0.00111274060328
273
0.000918189471122
274
0.000923405692447
274
0.000857105944306
278
0.00105696625542
278
0.0010460796766
279
0.00114713073708
280
0.00106133031659
281
0.000792803417426
281
0.00088948267512
284
0.00102428242099
288
0.000856552738696
288
0.000998545903713
290
0.000901435676496
291
0.00109122903086
291
0.000754812324885
291
0.00103369483259
293
0.00106217327993
294
0.000989026157185
298
0.00100301275961
299
0.00100203219336
299
0.000987891457044
302
0.000855899066664
304
0.000882782507688
306
0.00104623625521
306
0.00104206148535
306
0.000999883981422
307
0.000974107766524
307
0.00102578883525
307
0.000980224926025
307
0.00103308737744
307
0.000904817308765
308
0.00120560033247
308
0.00128275936004
308
0.00123243639246
308
0.00109703384805
309
0.000784348987509
314
0.000924531486817
314
0.000938563258387
315
0.000981535995379
317
0.0010151900351
317
0.00102449103724
317
0.000939136953093
317
0.0012466982007
317
0.000906678789761
319
0.00104905234184
319
0.00122188543901
320
0.00101816793904
320
0.00104082759935
320
0.000951527326833
320
0.000856230442878
320
0.000994599075057
321
0.000985925318673
322
0.000924126245081
322
0.000993333756924
322
0.000930201727897
332
0.000973378424533
332
0.000853239384014
333
0.00107374833897
333
0.0010748897912
335
0.00095849664649
337
0.00108065700624
337
0.000891220115591
337
0.00115523196291
338
0.00117594469339
338
0.00113500014413
338
0.00114366307389
339
0.000845635309815
339
0.000954814313445
339
0.00114221684635
340
0.00118910707533
340
0.00102873763535
340
0.00104091723915
343
0.00103907147422
343
0.000954003247898
344
0.00102075468749
344
0.000917873345315
345
0.0010515897302
346
0.00104173528962
346
0.00108547264244
347
0.000897514168173
349
0.000899489910807
351
0.000866105954628
351
0.00105232500937
352
0.000840608845465
353
0.000865428475663
353
0.000945830193814
357
0.00106025021523
361
0.000794072053395
364
0.000967909640167
364
0.00111248937901
364
0.00109015975613
364
0.00099771283567
364
0.00094793876633
364
0.00111395004205
365
0.00101462274324
365
0.00109732779674
368
0.00104989681859
368
0.000989823020063
369
0.00101030152291
370
0.00106119376142
370
0.000934495299589
371
0.000932077120524
371
0.00109678693116
371
0.000890188268386
373
0.000892158481292
374
0.000989833613858
374
0.00100827321876
377
0.0012431317009
377
0.00103445793502
381
0.000933839124627
382
0.00106484768912
382
0.000894667347893
382
0.000843245943543
382
0.000961776939221
383
0.000983647303656
385
0.00116831646301
385
0.000902392377611
390
0.000901300518308
390
0.000759559799917
394
0.00119896756951
394
0.00109635246918
394
0.0011541886488
395
0.000943842693232
395
0.00103921664413
396
0.00113610946573
396
0.00103286665399
396
0.000968786131125
396
0.00112124416046
398
0.00108876463491
399
0.000915116572287
399
0.0011318429606
400
0.000999337644316
400
0.000895062694326
402
0.000863024091814
402
0.000895941513591
402
0.00122696103062
403
0.000917251687497
405
0.00104109651875
405
0.000999123556539
410
0.000742780975997
410
0.00113435531966
410
0.00109084101859
412
0.00116508384235
412
0.00102649407927
415
0.00120905623771
415
0.00109941349365
415
0.00100167712662
416
0.000947523687501
416
0.00103894865606
416
0.000904817308765
417
0.000877335609403
418
0.000986516475677
418
0.00104773778003
419
0.00106178584974
419
0.00109330320265
419
0.000940185331274
420
0.0010605455609
420
0.000900798942894
421
0.000949561945163
423
0.000819631794002
427
0.000828514865134
427
0.000949358742218
428
0.00110824930016
429
0.00101497175638
429
0.000899836071767
431
0.00100689672399
431
0.00090221822029
437
0.00113780796528
437
0.00103242555633
438
0.000902508443687
440
0.00108950282447
442
0.00105984136462
442
0.00105156702921
442
0.000890255090781
443
0.000907216221094
443
0.00109891791362
445
0.00093850295525
446
0.00110611296259
447
0.00100795028266
447
0.00114697078243
450
0.000903128180653
450
0.00108314992394
450
0.000966743391473
450
0.000806401134469
452
0.000954691029619
452
0.000970989640336
452
0.000987891457044
453
0.00101341388654
454
0.00112174893729
454
0.00117255677469
456
0.0010886475211
456
0.00118516536895
462
0.00107352947816
463
0.00101777981035
463
0.00103820126969
464
0.000926542910747
464
0.000967346946709
465
0.00109989778139
465
0.00112429168075
465
0.00109175860416
465
0.000930321868509
466
0.001037410344
466
0.000803681905381
466
0.000956234347541
467
0.000857327424455
468
0.00085380661767
469
0.00102520547807
472
0.000965154846199
472
0.000974253751338
472
0.000929341767915
473
0.00102274748497
473
0.000872670847457
473
0.00101045297924
473
0.000820841174573
474
0.000954989052843
476
0.000963778060395
481
0.000984976766631
485
0.000977991730906
485
0.000781125738285
487
0.000880353327375
498
0.000859298103023
499
0.000923869491089
499
0.000984345329925
499
0.00100206455681
501
0.00129575538449
501
0.000901889638044
501
0.00118273880798
501
0.00104104052298
501
0.00127349689137
502
0.00113197613973
502
0.000976910348982
503
0.000940670026466
503
0.00101475359406
503
0.00082742475206
503
0.00127665780019
504
0.000997072900645
504
0.00100904901046
504
0.000918753095903
507
0.00101292459294
509
0.00100322859362
509
0.000948972883634
511
0.000938985904213
513
0.000708663195837
514
0.000831820361782
519
0.00107116310392
520
0.0010015910957
523
0.000856248836499
523
0.000940993370023
524
0.00102523854002
524
0.0011468231678
526
0.000988824409433
526
0.0012844146695
526
0.00105029135011
526
0.000968399865087
526
0.00113333447371
526
0.000925491563976
527
0.00115578796249
529
0.000893377524335
529
0.00108425191138
531
0.00105179310776
531
0.00110809504986
531
0.00111399800517
531
0.00102866010275
533
0.000918802572414
534
0.00107602216303
535
0.000845617090818
535
0.000997456721961
536
0.00102303212043
536
0.00102585495915
536
0.000911168055609
536
0.00100406003185
537
0.000818883185275
539
0.000854411278851
542
0.00114740151912
542
0.00117678963579
543
0.000943507184274
543
0.00107614940498
545
0.0010261524003
548
0.000996018876322
548
0.000879927712958
548
0.00110790529288
549
0.000977109652013
549
0.000949612760451
551
0.00117928779218
552
0.00123086501844
552
0.00116537406575
555
0.00103483442217
555
0.00108708103653
558
0.000888074806426
558
0.000895139877684
558
0.0011599190766
558
0.00108652107883
558
0.00102650513873
559
0.000841203494929
559
0.00106202508323
559
0.000881841522641
560
0.00117282255087
561
0.00122227950487
561
0.000940437661484
562
0.000943903753068
565
0.000992306740955
565
0.000942725222558
565
0.0010594134219
565
0.000857779989019
566
0.00109671649989
567
0.000916532299016
567
0.00101191492286
569
0.00104329059832
571
0.000803303555585
571
0.000871564436238
572
0.000998866744339
572
0.000947007909417
572
0.00100221531466
577
0.000833289930597
579
0.00087642489234
579
0.0010196963558
581
0.000833155354485
582
0.00108567043208
582
0.00100409251172
587
0.000875291589182
590
0.000828213233035
592
0.00112148444168
592
0.00101460097358
592
0.00104366906453
592
0.00102636183146
593
0.000916739110835
596
0.000955225492362
596
0.00121088942979
597
0.000963044760283
598
0.000966223713476
599
0.000930512149353
602
0.00101531017572
602
0.000818258966319
602
0.0011562454747
602
0.000947726075538
606
0.00125793402549
608
0.00103845773265
608
0.000932077120524
608
0.000810643541627
610
0.00109821057413
610
0.00106269796379
610
0.000990738277324
611
0.00101692869794
614
0.00109764537774
614
0.00104929995723
614
0.00108618300874
615
0.000905089720618
615
0.00103145628236
617
0.00102817674633
618
0.000840042077471
618
0.0010713924421
619
0.000913852069061
619
0.00124545372091
620
0.00101745466236
620
0.000911197217647
622
0.000983399804682
623
0.000856580445543
625
0.000940720550716
625
0.00110897351988
627
0.00106312031858
627
0.00107966142241
627
0.00115802977234
627
0.000953541893978
627
0.00100484967697
627
0.0010145137785
627
0.00118817714974
628
0.00083140010247
633
0.00107559433673
633
0.00109798682388
633
0.00097946531605
634
0.00106577656697
635
0.000959323137067
635
0.000975224771537
636
0.000935645715799
638
0.000951639609411
639
0.00103033496998
640
0.00111245352309
640
0.000977750052698
640
0.00084139284445
642
0.00099977676291
642
0.000866161717568
642
0.000798671797384
643
0.000864039699081
643
0.0011532799108
645
0.000950090645347
650
0.00112192926463
650
0.00111803377513
651
0.0010366429342
651
0.000965476210695
658
0.000940387195442
658
0.000845981703606
658
0.00105980737135
658
0.00107259780634
660
0.000961437413935
660
0.00103736587334
660
0.000906962144654
661
0.0010770757217
662
0.000975810340606
662
0.00118177605327
666
0.000925709551666
667
0.00102468882687
667
0.00110401364509
669
0.000930722511839
671
0.00104742369149
671
0.00114035303704
673
0.000924343650695
673
0.00109878811054
673
0.000842015666422
673
0.00091318693012
675
0.000891019299161
676
0.000918070902117
676
0.00098879262805
678
0.000854869897012
679
0.0010745091131
679
0.00115311169066
679
0.00090757815633
679
0.000804422481451
681
0.00121959298849
681
0.00101298978552
688
0.00111623306293
688
0.000985840917565
689
0.000992296030745
689
0.0010334297549
689
0.00110177998431
692
0.000892542127986
693
0.0011217368301
694
0.00101995270234
694
0.00103866960853
694
0.000952405738644
697
0.00113379594404
697
0.00114677392412
698
0.000930582231376
698
0.000879181548953
700
0.00106184277683
700
0.00108449591789
701
0.000759952701628
701
0.00115644815378
702
0.000972151407041
704
0.000888616486918
705
0.00103586539626
705
0.00101262039971
705
0.00124406942632
705
0.000906747183762
708
0.00101436115801
708
0.000937789503951
709
0.000905333086848
709
0.000783690367825
711
0.00105093442835
711
0.0010006026132
711
0.00098879262805
711
0.000930702430196
714
0.00102605321445
714
0.00106394325849
715
0.000936746480875
716
0.00108710443601
716
0.000903583830222
716
0.000985208433121
716
0.00094735174207
716
0.00101662205998
718
0.000923706917092
722
0.000942339887843
723
0.00110377557576
726
0.00115089653991
726
0.000949541630689
727
0.000867138209287
727
0.0012232651934
727
0.00113573134877
729
0.00107631133869
733
0.000972172187176
733
0.00097526650643
736
0.000906005501747
736
0.0011096035596
736
0.000961756450124
737
0.00103795598261
737
0.000976218609139
737
0.00101140548941
740
0.000876153062563
740
0.00099185819272
741
0.000964160717558
741
0.000916867167689
742
0.000925065658521
742
0.00103785574902
742
0.000855926657096
742
0.000852709403262
746
0.000842983310577
746
0.000989057938568
748
0.00106052285992
750
0.00104799598921
756
0.001044616336
761
0.000989132211544
761
0.00108837836888
761
0.000935665681027
762
0.00101477536373
763
0.00105965975672
765
0.00122077087872
765
0.00123438285664
767
0.00101592193823
768
0.00118904793635
769
0.000830248987768
769
0.000984776648693
769
0.00108443782665
769
0.000808467913885
769
0.00107709888835
770
0.000888340815436
770
0.000977602903731
770
0.00111878686585
770
0.00105257402174
771
0.000960779550951
772
0.00109736307058
772
0.00116220198106
775
0.00101136218291
775
0.000922705978155
775
0.00111719826236
777
0.0012476767879
777
0.00106475607026
780
0.00107087660581
780
0.00107228755951
780
0.000904185581021
781
0.0010856006993
781
0.000906073721126
783
0.00112306105439
783
0.000950416375417
784
0.00100138678681
784
0.00101171981078
784
0.00110042991582
784
0.000883125176188
785
0.00085115985712
785
0.00108014524449
787
0.000930171692744
788
0.00100042019039
788
0.00111410592217
788
0.000987415085547
788
0.00109409110155
788
0.000889825867489
789
0.000932499417104
790
0.000952927395701
791
0.000972348789219
793
0.000855880731251
793
0.000910011469387
795
0.00105476437602
795
0.000999573268928
797
0.000978812226094
798
0.00101692869794
799
0.000836942752358
802
0.0010099086212
802
0.0009918367723
804
0.000947695749346
804
0.000925997097511
805
0.00102409569081
807
0.00102331698872
807
0.00117207842413
814
0.00111067504622
817
0.00108748977073
819
0.000672694644891
823
0.00111612409819
823
0.000868294213433
823
0.00111185619608
824
0.00118189014029
825
0.000796106935013
825
0.00104710983578
825
0.00107796886005
826
0.00106848066207
826
0.00103863619734
826
0.00100115034729
826
0.000976490962785
827
0.000869706098456
827
0.000833101512399
829
0.000986516475677
829
0.000927726156078
831
0.000961962272413
831
0.000903816660866
832
0.000982203404419
832
0.00129818287678
832
0.00099241361022
832
0.00107233354356
834
0.00102411769331
835
0.000896802695934
835
0.000904340995476
836
0.00114700756967
836
0.00112371216528
837
0.00100909220055
837
0.000855485268403
838
0.000939963327255
847
0.00110736011993
847
0.000950778892729
849
0.000914547650609
849
0.000915666634683
850
0.000867091643158
850
0.00103521114215
853
0.000984618905932
854
0.00107408245094
854
0.00101898459252
854
0.00107506290078
855
0.00115645583719
858
0.000728662067559
863
0.000900384678971
865
0.000953224254772
865
0.0010533221066
866
0.00080802408047
867
0.000926711771172
868
0.00106326886453
868
0.000773877778556
872
0.000857669161633
872
0.000842259614728
872
0.00100872921757
875
0.000979518052191
875
0.00100548879709
875
0.00121629366186
879
0.00115087174345
881
0.000984360231087
882
0.000966784951743
882
0.00106751907151
882
0.000914057716727
882
0.00100796099287
883
0.00101502635516
883
0.00100127933547
886
0.000942339887843
886
0.000921711034607
886
0.00110898539424
888
0.000901947554667
889
0.00104716583155
890
0.000913020805456
893
0.00103678740561
893
0.00100034510251
895
0.00103487865999
895
0.000951517140493
897
0.0010469192639
898
0.00102070439607
899
0.000943893566728
901
0.000887476839125
902
0.000857974111568
902
0.000968702603132
907
0.00118688633665
907
0.00100632407703
908
0.00133042607922
909
0.00102899235208
909
0.000704787147697
909
0.00104960391764
909
0.000968535547145
910
0.00121101958212
912
0.00106360018253
912
0.000870681251399
914
0.00101077742875
914
0.000879436382093
914
0.000937950215302
915
0.00119594484568
915
0.000911255658139
917
0.000890512950718
917
0.00100544537418
920
0.00106426363345
920
0.00108070368879
920
0.000962828053162
923
0.000976155744866
924
0.00104895117693
925
0.00116074143443
925
0.000855687481817
928
0.00104002153967
929
0.000879502505995
929
0.00102670374326
931
0.00113481760491
931
0.000828612479381
933
0.00101046368945
934
0.000876565638464
934
0.00121266266797
934
0.00119372922927
936
0.00103866960853
938
0.00106050015893
938
0.00106291484553
939
0.000937779434025
939
0.000942613638472
939
0.00103642069735
940
0.00102121720556
940
0.000885159068275
941
0.00103890395258
942
0.000816435727756
945
0.00114408670925
945
0.000996966380626
946
0.00082710623974
946
0.000838292471599
948
0.000962364079896
950
0.00106437806971
950
0.000879030500073
950
0.00101027986966
955
0.000986600876786
955
0.000899047940038
957
0.00107159884647
960
0.000805596413556
962
0.00110811879858
962
0.000955297437031
964
0.00118004460819
964
0.00101706013083
964
0.000948506232817
965
0.00108403142076
967
0.000692443340085
974
0.000878728693351
977
0.000955822295509
978
0.00093850295525
978
0.000935375981499
979
0.000865697511472
979
0.00102215667721
980
0.000855172926094
980
0.000943141465541
980
0.00103747716639
982
0.00111630454194
982
0.00108320789877
984
0.00112435210031
986
0.000989684718661
986
0.00103977543768
989
0.000988347106613
990
0.0010895379819
991
0.000989164109342
991
0.00109113496728
993
0.000981207937002
994
0.000891478499398
994
0.00103384966496
994
0.00102252850775
994
0.00103548832703
994
0.000848294410389
994
0.00102466682438
995
0.00110078486614
997
0.00101787736639
997
0.000885263434611
997
0.00119568814989
998
0.00119846488815
998
0.000915823853575
203900536